####    TABLE 1    ####
1 0 SN(1) 16.92041684285414 -1 1 0 16.92041684285414 1 N
2 16.92041684285414 SN(2) 0.5242548791763524 8.439521651361071 3 0 17.444671722030495 2 N
3 17.444671722030495 SN(1) 1.3651822030776875 -1 3 0 18.809853925108182 4 N
4 18.809853925108182 SN(3) 0.9069185076837534 5.364768113913507 3 1 19.716772432791934 5 M
5 19.716772432791934 SM(0) -1 -1 2 1 24.17462203902169 6 N
6 24.17462203902169 SN(3) 0.6023161451396972 1.0546062631794808 3 1 24.776938184161384 7 M
7 24.776938184161384 SM(0) -1 -1 2 1 25.229228302201168 8 N
8 25.229228302201168 SN(3) 0.7632788867153782 1.3162083536878413 3 1 25.359938494215214 3 N
9 25.359938494215214 SN(1) 1.1207479932187572 -1 3 1 25.992507188916548 9 M
10 25.992507188916548 SM(1) 0.3961596044575145 -1 2 2 26.388666793374064 12 M
11 26.388666793374064 SM(0) -1 -1 2 1 26.48068648743397 11 N
12 26.48068648743397 SN(1) 0.9686558462456659 -1 3 0 26.54543665588901 10 N
13 26.54543665588901 SN(3) 0.09160793854575955 1.2943259106036877 3 1 26.63704459443477 14 N
14 26.63704459443477 SN(3) 0.9924267844032763 1.4101483384240223 3 2 27.44934233367964 13 N
15 27.44934233367964 SN(3) 0.06104338921281735 1.0478690228113694 3 3 27.510385722892455 18 M
16 27.510385722892455 SM(0) -1 -1 2 3 27.629471378838044 16 M
17 27.629471378838044 SM(0) -1 -1 2 2 27.8397625664927 15 M
18 27.8397625664927 SM(0) -1 -1 2 1 28.047192932858792 17 N
19 28.047192932858792 SN(3) 0.2245029063778033 4.229369271609178 3 1 28.271695839236596 20 M
20 28.271695839236596 SM(0) -1 -1 2 1 28.497211356491007 19 N
21 28.497211356491007 SN(3) 0.6096554991877119 3.5259198664033566 3 1 29.10686685567872 22 M
22 29.10686685567872 SM(0) -1 -1 2 1 32.023131222894364 23 N
23 32.023131222894364 SN(3) 0.10864543240224886 0.5877421921663865 3 1 32.13177665529661 24 M
24 32.13177665529661 SM(0) -1 -1 2 1 32.27656220446797 21 N
25 32.27656220446797 SN(3) 0.14611789034170186 2.0540160980269504 3 1 32.42268009480967 26 M
26 32.42268009480967 SM(0) -1 -1 2 1 32.61087341506075 25 N
27 32.61087341506075 SN(3) 0.4654959754313305 0.5866426595169907 3 1 33.07636939049208 28 M
28 33.07636939049208 SM(0) -1 -1 2 1 33.19751607457774 29 N
29 33.19751607457774 SN(1) 3.2574970976231947 -1 3 0 34.33057830249492 27 N
30 34.33057830249492 SN(3) 0.34960424236272547 1.4408058653196572 3 1 34.680182544857644 31 N
31 34.680182544857644 SN(3) 0.7053259177109237 1.1639374914239229 3 2 35.385508462568566 33 M
32 35.385508462568566 SM(0) -1 -1 2 2 35.77138416781458 32 M
33 35.77138416781458 SM(0) -1 -1 2 1 35.844120036281566 34 N
34 35.844120036281566 SN(3) 0.19637382594309138 2.755826468254587 3 1 36.04049386222466 35 M
35 36.04049386222466 SM(0) -1 -1 2 1 36.455013172200935 30 N
36 36.455013172200935 SN(2) 1.3309585416480718 3.964325756103318 4 0 37.78597171384901 37 N
37 37.78597171384901 SN(3) 0.004411817801809402 0.5453241840153165 4 1 37.79038353165082 39 M
38 37.79038353165082 SM(0) -1 -1 3 1 38.33129589786432 40 N
39 38.33129589786432 SN(1) 0.1535975761108494 -1 4 0 38.48489347397517 41 N
40 38.48489347397517 SN(1) 0.7913339166018103 -1 4 0 38.599946504536156 36 N
41 38.599946504536156 SN(3) 0.3510730911750292 0.8363855867313637 4 1 38.95101959571119 43 M
42 38.95101959571119 SM(0) -1 -1 3 1 39.27622739057698 42 N
43 39.27622739057698 SN(2) 0.7222435688141 1.20621360800295 5 0 39.436332091267516 44 N
44 39.436332091267516 SN(3) 0.04343926131765972 0.267491457017008 5 1 39.479771352585175 47 M
45 39.479771352585175 SM(0) -1 -1 4 1 39.703823548284525 48 N
46 39.703823548284525 SN(2) 0.02381100695101352 0.5693412087048091 6 0 39.72763455523554 49 N
47 39.72763455523554 SN(2) 0.009805858673284852 1.4399049271068423 7 0 39.73744041390882 51 N
48 39.73744041390882 SN(1) 0.09755815481148068 -1 7 0 39.8349985687203 53 N
49 39.8349985687203 SN(2) 0.5018314154894814 1.975770572031811 8 0 39.99847095939108 45 N
50 39.99847095939108 SN(1) 1.188011959206961 -1 8 0 40.27316475698933 50 N
51 40.27316475698933 SN(1) 0.02322866644941539 -1 8 0 40.296393423438744 57 N
52 40.296393423438744 SN(2) 0.23936460063649054 0.28138021812572256 9 0 40.336829984209785 54 N
53 40.336829984209785 SN(3) 0.03222772980070487 0.7026047339015757 9 1 40.36905771401049 60 M
54 40.36905771401049 SM(0) -1 -1 8 1 40.419338928304256 38 N
55 40.419338928304256 SN(3) 0.08988117021987391 0.5506977002280795 9 1 40.482440998579925 46 N
56 40.482440998579925 SN(1) 0.19649017650011133 -1 9 1 40.50922009852413 62 M
57 40.50922009852413 SM(0) -1 -1 8 1 40.535758024075236 58 N
58 40.535758024075236 SN(2) 0.7480238069825573 1.1079912018123037 10 0 40.57777364156447 59 N
59 40.57777364156447 SN(3) 0.17921428920300386 0.27784483626258744 10 1 40.67893117508004 64 N
60 40.67893117508004 SN(3) 0.03423097372293529 0.798130783361594 10 2 40.71316214880297 69 M
61 40.71316214880297 SM(0) -1 -1 9 2 40.75698793076747 67 M
62 40.75698793076747 SM(1) 0.0569707699618797 -1 9 2 40.81395870072935 71 M
63 40.81395870072935 SM(1) 0.023507781417743973 -1 9 2 40.83746648214709 72 M
64 40.83746648214709 SM(0) -1 -1 9 1 40.85561847782706 68 N
65 40.85561847782706 SN(1) 0.7464446262282056 -1 10 0 40.970036628532334 63 N
66 40.970036628532334 SN(1) 0.10853958651331395 -1 10 0 41.03943471811136 61 N
67 41.03943471811136 SN(3) 0.011673407488231006 2.093510459379648 10 1 41.05110812559959 75 M
68 41.05110812559959 SM(1) 0.08521350899154821 -1 9 2 41.07857621504565 74 N
69 41.07857621504565 SN(2) 0.23954626739477414 0.7974463311607569 11 1 41.13632163459114 77 M
70 41.13632163459114 SM(1) 0.10572948813067799 -1 10 2 41.167539482342384 52 N
71 41.167539482342384 SN(1) 0.568117300712037 -1 11 1 41.18648291859804 56 N
72 41.18648291859804 SN(2) 0.06479683695119402 0.06693817202164673 12 1 41.24205112272182 80 M
73 41.24205112272182 SM(0) -1 -1 11 1 41.251279755549234 82 N
74 41.251279755549234 SN(2) 0.006068843529837405 0.2851823742006464 13 0 41.25342109061968 83 N
75 41.25342109061968 SN(2) 0.05595194415186602 0.11149491662386211 14 0 41.25734859907907 84 N
76 41.25734859907907 SN(1) 0.2865674508921159 -1 14 0 41.283781831057794 65 N
77 41.283781831057794 SN(2) 0.26616516985589017 0.9727832834218089 15 0 41.309373034771546 86 N
78 41.309373034771546 SN(2) 0.08917577365824693 0.1420445898692538 16 0 41.31812248244042 78 N
79 41.31812248244042 SN(3) 0.09121787368211454 0.346405180675631 16 1 41.364916007243544 87 N
80 41.364916007243544 SN(3) 0.004654185462605618 0.17069315831398613 16 2 41.36957019270615 95 M
81 41.36957019270615 SM(0) -1 -1 15 2 41.398548808429794 91 N
82 41.398548808429794 SN(3) 0.13075127033370643 0.43824967954644356 16 2 41.409340356122534 93 M
83 41.409340356122534 SM(0) -1 -1 15 2 41.4514176246408 92 N
84 41.4514176246408 SN(1) 0.30642167260397524 -1 16 1 41.47706195844163 70 N
85 41.47706195844163 SN(3) 0.1125542783301334 0.4354198512284306 16 2 41.5293000787635 97 M
86 41.5293000787635 SM(1) 0.14714666596648626 -1 15 3 41.53560916555753 96 N
87 41.53560916555753 SN(2) 0.1622540808717813 0.17641100522932282 17 2 41.53646212974988 85 N
88 41.53646212974988 SN(3) 0.013015934627602666 0.2346029203097763 17 3 41.54391604997119 88 N
89 41.54391604997119 SN(2) 0.11259540231516849 0.1278301347789335 18 3 41.54947806437748 105 M
90 41.54947806437748 SM(0) -1 -1 17 3 41.54994700091368 89 N
91 41.54994700091368 SN(2) 0.10964880405047625 0.4705416544328846 19 2 41.58961623677176 100 M
92 41.58961623677176 SM(1) 0.06834291654214873 -1 18 3 41.60206310405526 73 N
93 41.60206310405526 SN(3) 0.002901708671188615 0.22720476859326252 19 3 41.60496481272645 112 M
94 41.60496481272645 SM(1) 0.04532653191560628 -1 18 4 41.64374922588754 66 N
95 41.64374922588754 SN(2) 0.08862075483156406 0.18123973723672251 20 3 41.650291344642056 114 M
96 41.650291344642056 SM(1) 0.013773514841619929 -1 19 4 41.65651145228635 107 N
97 41.65651145228635 SN(2) 0.035085079011103276 0.20262062354385998 21 3 41.65795915331391 111 M
98 41.65795915331391 SM(1) 0.017359795236193055 -1 20 4 41.65959580496416 109 N
99 41.65959580496416 SN(2) 0.003067529595255305 0.058233354425930875 22 3 41.66266333455942 121 N
100 41.66266333455942 SN(1) 0.14468789948368668 -1 22 3 41.66406485948367 117 M


####    TABLE 2    ####
1 N 0 16.92041684285414 16.92041684285414 2 3
2 N 16.92041684285414 0.5242548791763539 17.444671722030495 4 -1
3 N 16.92041684285414 8.439521651361073 25.359938494215214 11 -1
4 N 17.444671722030495 1.365182203077687 18.809853925108182 5 6
5 M 18.809853925108182 0.906918507683752 19.716772432791934 -1 -1
6 N 18.809853925108182 5.364768113913506 24.17462203902169 7 8
7 M 24.17462203902169 0.6023161451396959 24.776938184161384 -1 -1
8 N 24.17462203902169 1.0546062631794797 25.229228302201168 9 10
9 M 25.229228302201168 0.7632788867153799 25.992507188916548 12 -1
10 N 25.229228302201168 1.3162083536878413 26.54543665588901 14 15
11 N 25.359938494215214 1.1207479932187567 26.48068648743397 13 -1
12 M 25.992507188916548 0.39615960445751597 26.388666793374064 -1 -1
13 N 26.48068648743397 0.9686558462456674 27.44934233367964 18 19
14 N 26.54543665588901 0.09160793854575999 26.63704459443477 16 17
15 M 26.54543665588901 1.294325910603689 27.8397625664927 -1 -1
16 M 26.63704459443477 0.9924267844032748 27.629471378838044 -1 -1
17 N 26.63704459443477 1.4101483384240225 28.047192932858792 20 21
18 M 27.44934233367964 0.06104338921281638 27.510385722892455 -1 -1
19 N 27.44934233367964 1.0478690228113692 28.497211356491007 22 23
20 M 28.047192932858792 0.22450290637780412 28.271695839236596 -1 -1
21 N 28.047192932858792 4.22936927160918 32.27656220446797 26 27
22 M 28.497211356491007 0.6096554991877134 29.10686685567872 -1 -1
23 N 28.497211356491007 3.525919866403356 32.023131222894364 24 25
24 M 32.023131222894364 0.10864543240224833 32.13177665529661 -1 -1
25 N 32.023131222894364 0.5877421921663881 32.61087341506075 28 29
26 M 32.27656220446797 0.1461178903416993 32.42268009480967 -1 -1
27 N 32.27656220446797 2.054016098026949 34.33057830249492 31 32
28 M 32.61087341506075 0.46549597543133103 33.07636939049208 -1 -1
29 N 32.61087341506075 0.5866426595169898 33.19751607457774 30 -1
30 N 33.19751607457774 3.257497097623194 36.455013172200935 37 38
31 N 34.33057830249492 0.34960424236272303 34.680182544857644 33 34
32 M 34.33057830249492 1.4408058653196605 35.77138416781458 -1 -1
33 M 34.680182544857644 0.7053259177109226 35.385508462568566 -1 -1
34 N 34.680182544857644 1.1639374914239227 35.844120036281566 35 36
35 M 35.844120036281566 0.19637382594309116 36.04049386222466 -1 -1
36 N 35.844120036281566 2.7558264682545897 38.599946504536156 43 44
37 N 36.455013172200935 1.330958541648073 37.78597171384901 39 40
38 N 36.455013172200935 3.964325756103321 40.419338928304256 62 63
39 M 37.78597171384901 0.004411817801809548 37.79038353165082 -1 -1
40 N 37.78597171384901 0.545324184015314 38.33129589786432 41 -1
41 N 38.33129589786432 0.15359757611084746 38.48489347397517 42 -1
42 N 38.48489347397517 0.7913339166018076 39.27622739057698 45 46
43 M 38.599946504536156 0.3510730911750315 38.95101959571119 -1 -1
44 N 38.599946504536156 0.8363855867313603 39.436332091267516 47 48
45 N 39.27622739057698 0.7222435688141005 39.99847095939108 56 -1
46 N 39.27622739057698 1.2062136080029475 40.482440998579925 64 -1
47 M 39.436332091267516 0.043439261317658406 39.479771352585175 -1 -1
48 N 39.436332091267516 0.2674914570170088 39.703823548284525 49 50
49 N 39.703823548284525 0.023811006951014235 39.72763455523554 51 52
50 N 39.703823548284525 0.569341208704806 40.27316475698933 57 -1
51 N 39.72763455523554 0.009805858673281875 39.73744041390882 53 -1
52 N 39.72763455523554 1.439904927106845 41.167539482342384 81 -1
53 N 39.73744041390882 0.09755815481148034 39.8349985687203 54 55
54 N 39.8349985687203 0.5018314154894838 40.336829984209785 60 61
55 N 39.8349985687203 1.9757705720318128 41.810769140752114 -1 -1
56 N 39.99847095939108 1.1880119592069605 41.18648291859804 82 83
57 N 40.27316475698933 0.02322866644941257 40.296393423438744 58 59
58 N 40.296393423438744 0.2393646006364918 40.535758024075236 65 66
59 N 40.296393423438744 0.2813802181257259 40.57777364156447 67 68
60 M 40.336829984209785 0.03222772980070232 40.36905771401049 -1 -1
61 N 40.336829984209785 0.7026047339015733 41.03943471811136 75 76
62 M 40.419338928304256 0.08988117021987563 40.50922009852413 -1 -1
63 N 40.419338928304256 0.5506977002280777 40.970036628532334 74 -1
64 N 40.482440998579925 0.19649017650011302 40.67893117508004 69 70
65 N 40.535758024075236 0.7480238069825589 41.283781831057794 89 90
66 N 40.535758024075236 1.107991201812304 41.64374922588754 115 116
67 M 40.57777364156447 0.17921428920300286 40.75698793076747 71 -1
68 N 40.57777364156447 0.27784483626258805 40.85561847782706 73 -1
69 M 40.67893117508004 0.034230973722934266 40.71316214880297 -1 -1
70 N 40.67893117508004 0.7981307833615929 41.47706195844163 100 101
71 M 40.75698793076747 0.05697076996187889 40.81395870072935 72 -1
72 M 40.81395870072935 0.02350778141774157 40.83746648214709 -1 -1
73 N 40.85561847782706 0.7464446262282038 41.60206310405526 112 113
74 N 40.970036628532334 0.10853958651331652 41.07857621504565 78 79
75 M 41.03943471811136 0.011673407488231646 41.05110812559959 77 -1
76 N 41.03943471811136 2.093510459379651 43.13294517749101 -1 -1
77 M 41.05110812559959 0.08521350899155067 41.13632163459114 80 -1
78 N 41.07857621504565 0.23954626739477192 41.31812248244042 93 94
79 N 41.07857621504565 0.7974463311607565 41.87602254620641 -1 -1
80 M 41.13632163459114 0.1057294881306774 41.24205112272182 -1 -1
81 N 41.167539482342384 0.5681173007120393 41.735656783054424 -1 -1
82 N 41.18648291859804 0.06479683695119576 41.251279755549234 84 85
83 N 41.18648291859804 0.06693817202164354 41.25342109061968 86 87
84 N 41.251279755549234 0.00606884352983883 41.25734859907907 88 -1
85 N 41.251279755549234 0.2851823742006445 41.53646212974988 105 106
86 N 41.25342109061968 0.05595194415186455 41.309373034771546 91 92
87 N 41.25342109061968 0.11149491662386168 41.364916007243544 95 96
88 N 41.25734859907907 0.28656745089211455 41.54391604997119 107 108
89 N 41.283781831057794 0.26616516985588845 41.54994700091368 109 110
90 N 41.283781831057794 0.972783283421812 42.256565114479606 -1 -1
91 N 41.309373034771546 0.08917577365824769 41.398548808429794 97 98
92 N 41.309373034771546 0.14204458986925061 41.4514176246408 99 -1
93 M 41.31812248244042 0.09121787368211187 41.409340356122534 -1 -1
94 N 41.31812248244042 0.34640518067563164 41.664527663116054 -1 -1
95 M 41.364916007243544 0.004654185462605653 41.36957019270615 -1 -1
96 N 41.364916007243544 0.17069315831398768 41.53560916555753 103 104
97 M 41.398548808429794 0.13075127033370393 41.5293000787635 102 -1
98 N 41.398548808429794 0.4382496795464448 41.83679848797624 -1 -1
99 N 41.4514176246408 0.30642167260397457 41.75783929724477 -1 -1
100 M 41.47706195844163 0.11255427833012988 41.58961623677176 111 -1
101 N 41.47706195844163 0.4354198512284313 41.91248180967006 -1 -1
102 M 41.5293000787635 0.1471466659664884 41.67644674472999 -1 -1
103 N 41.53560916555753 0.16225408087178295 41.697863246429314 -1 -1
104 N 41.53560916555753 0.17641100522932618 41.71202017078686 -1 -1
105 M 41.53646212974988 0.013015934627603087 41.54947806437748 -1 -1
106 N 41.53646212974988 0.2346029203097757 41.771065050059654 -1 -1
107 N 41.54391604997119 0.11259540231516496 41.65651145228635 118 119
108 N 41.54391604997119 0.12783013477893235 41.67174618475012 -1 -1
109 N 41.54994700091368 0.1096488040504795 41.65959580496416 121 122
110 N 41.54994700091368 0.47054165443288554 42.02048865534657 -1 -1
111 M 41.58961623677176 0.06834291654215008 41.65795915331391 120 -1
112 M 41.60206310405526 0.002901708671188885 41.60496481272645 114 -1
113 N 41.60206310405526 0.22720476859326055 41.82926787264852 -1 -1
114 M 41.60496481272645 0.04532653191560598 41.650291344642056 117 -1
115 N 41.64374922588754 0.08862075483156673 41.732369980719106 -1 -1
116 N 41.64374922588754 0.18123973723672293 41.82498896312426 -1 -1
117 M 41.650291344642056 0.01377351484161693 41.66406485948367 -1 -1
118 N 41.65651145228635 0.035085079011103915 41.691596531297456 -1 -1
119 N 41.65651145228635 0.2026206235438579 41.85913207583021 -1 -1
120 M 41.65795915331391 0.017359795236195907 41.67531894855011 -1 -1
121 N 41.65959580496416 0.0030675295952562465 41.66266333455942 123 -1
122 N 41.65959580496416 0.05823335442592992 41.71782915939009 -1 -1
123 N 41.66266333455942 0.1446878994836851 41.807351234043104 -1 -1


####    TABLE 3    ####
4 0
3 1
9 2
8 0
17 3
19 3
2 2
1 0
15 2
21 3
12 0
3 0
14 0
5 0
17 2
9 1
11 1
2 1
16 3
7 0
15 1
18 3
20 3
4 1
9 0
8 1
11 0
2 0
10 1
13 0
2 3
16 2
15 0
18 2
6 0
